root@ubuntu-lon1-0:~# cat example-output.txt 
Flow label = 1048575
traceroute to ipv6.google.com (2a00:1450:4009:815::200e), 30 hops max, 62 bytes packets
 1  * * *
hello from sniffer.c
hello from sniffer.c
60 00 00 00 00 46 3a 40 fd 00 00 00 00 04 00 00 
00 00 00 00 00 00 04 ba 2a 03 b0 c0 00 01 00 d0 
00 00 00 00 0b 45 60 01 03 00 4d db 00 00 00 00 
60 0f ff ff 00 16 06 01 2a 03 b0 c0 00 01 00 d0 
00 00 00 00 0b 45 60 01 2a 00 14 50 40 09 08 15 
00 00 00 00 00 00 20 0e 82 b1 82 b0 00 00 00 00 
00 00 00 00 50 00 16 d0 00 05 00 00 a6 54 
hello from sniffer.c
60 00 00 00 00 46 3a 40 fd 00 00 00 00 04 00 00 
00 00 00 00 00 00 04 ba 2a 03 b0 c0 00 01 00 d0 
00 00 00 00 0b 45 60 01 03 00 4d db 00 00 00 00 
60 0f ff ff 00 16 06 01 2a 03 b0 c0 00 01 00 d0 
00 00 00 00 0b 45 60 01 2a 00 14 50 40 09 08 15 
00 00 00 00 00 00 20 0e 82 b1 82 b0 00 00 00 00 
00 00 00 00 50 00 16 d0 00 06 00 00 a6 53 
 2  fd00:0:4::4ba (fd00:0:4::4ba)  0.985ms    0.998ms    1.003ms  
hello from sniffer.c
60 00 00 00 00 46 3a 3f 26 04 a8 80 ff ff 00 06 
00 01 00 00 00 00 04 02 2a 03 b0 c0 00 01 00 d0 
00 00 00 00 0b 45 60 01 03 00 7d 0c 00 00 00 00 
60 0f ff ff 00 16 06 01 2a 03 b0 c0 00 01 00 d0 
00 00 00 00 0b 45 60 01 2a 00 14 50 40 09 08 15 
00 00 00 00 00 00 20 0e 82 b1 82 b0 00 00 00 00 
00 00 00 00 50 00 16 d0 00 07 00 00 a6 52 
hello from sniffer.c
60 00 00 00 00 46 3a 3f 26 04 a8 80 ff ff 00 06 
00 01 00 00 00 00 04 02 2a 03 b0 c0 00 01 00 d0 
00 00 00 00 0b 45 60 01 03 00 7d 0c 00 00 00 00 
60 0f ff ff 00 16 06 01 2a 03 b0 c0 00 01 00 d0 
00 00 00 00 0b 45 60 01 2a 00 14 50 40 09 08 15 
00 00 00 00 00 00 20 0e 82 b1 82 b0 00 00 00 00 
00 00 00 00 50 00 16 d0 00 08 00 00 a6 51 
hello from sniffer.c
60 00 00 00 00 46 3a 3f 26 04 a8 80 ff ff 00 06 
00 01 00 00 00 00 04 02 2a 03 b0 c0 00 01 00 d0 
00 00 00 00 0b 45 60 01 03 00 7d 0c 00 00 00 00 
60 0f ff ff 00 16 06 01 2a 03 b0 c0 00 01 00 d0 
00 00 00 00 0b 45 60 01 2a 00 14 50 40 09 08 15 
00 00 00 00 00 00 20 0e 82 b1 82 b0 00 00 00 00 
00 00 00 00 50 00 16 d0 00 09 00 00 a6 50 
 3  2604:a880:ffff:6:1::402 (2604:a880:ffff:6:1::402)  1.375ms    1.372ms    2.885ms  
hello from sniffer.c
60 00 00 00 00 46 3a 3e 26 04 a8 80 ff ff 00 06 
00 01 00 00 00 00 04 23 2a 03 b0 c0 00 01 00 d0 
00 00 00 00 0b 45 60 01 03 00 7c eb 00 00 00 00 
60 0f ff ff 00 16 06 01 2a 03 b0 c0 00 01 00 d0 
00 00 00 00 0b 45 60 01 2a 00 14 50 40 09 08 15 
00 00 00 00 00 00 20 0e 82 b1 82 b0 00 00 00 00 
00 00 00 00 50 00 16 d0 00 0a 00 00 a6 4f 
hello from sniffer.c
60 00 00 00 00 46 3a 3e 26 04 a8 80 ff ff 00 06 
00 01 00 00 00 00 04 23 2a 03 b0 c0 00 01 00 d0 
00 00 00 00 0b 45 60 01 03 00 7c eb 00 00 00 00 
60 0f ff ff 00 16 06 01 2a 03 b0 c0 00 01 00 d0 
00 00 00 00 0b 45 60 01 2a 00 14 50 40 09 08 15 
00 00 00 00 00 00 20 0e 82 b1 82 b0 00 00 00 00 
00 00 00 00 50 00 16 d0 00 0b 00 00 a6 4e 
hello from sniffer.c
60 00 00 00 00 46 3a 3e 26 04 a8 80 ff ff 00 06 
00 01 00 00 00 00 04 23 2a 03 b0 c0 00 01 00 d0 
00 00 00 00 0b 45 60 01 03 00 7c eb 00 00 00 00 
60 0f ff ff 00 16 06 01 2a 03 b0 c0 00 01 00 d0 
00 00 00 00 0b 45 60 01 2a 00 14 50 40 09 08 15 
00 00 00 00 00 00 20 0e 82 b1 82 b0 00 00 00 00 
00 00 00 00 50 00 16 d0 00 0c 00 00 a6 4d 
 4  2604:a880:ffff:6:1::423 (2604:a880:ffff:6:1::423)  1.095ms    1.104ms    1.108ms  
hello from sniffer.c
60 00 00 00 00 46 3a 3d 20 01 48 60 00 01 00 01 
00 03 15 7d 00 00 00 00 2a 03 b0 c0 00 01 00 d0 
00 00 00 00 0b 45 60 01 03 00 d1 b6 00 00 00 00 
60 0f ff ff 00 16 06 01 2a 03 b0 c0 00 01 00 d0 
00 00 00 00 0b 45 60 01 2a 00 14 50 40 09 08 15 
00 00 00 00 00 00 20 0e 82 b1 82 b0 00 00 00 00 
00 00 00 00 50 00 16 d0 00 0d 00 00 a6 4c 
hello from sniffer.c
60 00 00 00 00 46 3a 3d 20 01 48 60 00 01 00 01 
00 03 15 7d 00 00 00 00 2a 03 b0 c0 00 01 00 d0 
00 00 00 00 0b 45 60 01 03 00 d1 b6 00 00 00 00 
60 0f ff ff 00 16 06 01 2a 03 b0 c0 00 01 00 d0 
00 00 00 00 0b 45 60 01 2a 00 14 50 40 09 08 15 
00 00 00 00 00 00 20 0e 82 b1 82 b0 00 00 00 00 
00 00 00 00 50 00 16 d0 00 0e 00 00 a6 4b 
hello from sniffer.c
60 00 00 00 00 46 3a 3d 20 01 48 60 00 01 00 01 
00 03 15 7d 00 00 00 00 2a 03 b0 c0 00 01 00 d0 
00 00 00 00 0b 45 60 01 03 00 d1 b6 00 00 00 00 
60 0f ff ff 00 16 06 01 2a 03 b0 c0 00 01 00 d0 
00 00 00 00 0b 45 60 01 2a 00 14 50 40 09 08 15 
00 00 00 00 00 00 20 0e 82 b1 82 b0 00 00 00 00 
00 00 00 00 50 00 16 d0 00 0f 00 00 a6 4a 
 5  2001:4860:1:1:3:157d:: (2001:4860:1:1:3:157d::)  1.125ms    1.137ms    1.146ms  
hello from sniffer.c
60 00 00 00 00 20 3a ff 2a 03 b0 c0 00 01 00 d0 
00 00 00 00 00 00 00 01 fe 80 00 00 00 00 00 00 
ac 65 6b ff fe 21 25 78 88 00 24 f6 60 00 00 00 
2a 03 b0 c0 00 01 00 d0 00 00 00 00 00 00 00 01 
02 01 fe 00 00 00 01 01 
 6  * * *
 7  * * *
 8  * * *
